Calculated on the Linux machine Kanga using formula: (finish-start) cycles/1600 MHz

./getsections_dl objsym.o RTLD_LAZY
Called it 50 times with an average of 1561.5 cycles/MHz
The cycles/MHz values are listed here:
4325
2227
846
1437
1685
1248
4928
1346
1230
1077
1054
872
1032
1103
1057
1259
1219
1392
1117
1304
1042
1069
1040
3325
912
1076
1092
1498
1255
999
1415
1013
1311
1130
1043
977
1060
1338
2856
1736
1136
1080
2840
4410
643
5051
1689
683
836
762

./getsections_dl objsym.o RTLD_NOW
Called it 50 times with an average of 645.72 cycles/MHz
The cycles/MHz values are listed here:
2021
585
683
554
575
558
670
841
793
581
645
572
563
519
575
563
749
619
572
784
570
546
641
641
571
602
603
825
561
580
577
590
573
607
701
642
564
613
583
622
579
654
575
611
612
597
563
604
613
644

./getsyms_dl objsym.o RTLD_LAZY
Called it 50 times with an average of 615.94 cycles/MHz
The cycles/MHz values are listed here:
1874
597
632
643
678
778
638
576
743
663
491
577
562
596
617
581
599
572
621
575
560
558
684
568
564
566
770
712
531
614
628
578
536
573
547
602
663
537
548
493
547
539
555
521
564
499
516
529
498
584

./getsyms_dl objsym.o RTLD_NOW
Called it 50 times with an average of 700.56 cycles/MHz
The cycles/MHz values are listed here:
2133
678
564
580
558
529
522
662
635
714
610
483
567
792
685
556
557
616
562
555
654
673
597
631
548
558
668
567
581
525
570
802
699
540
550
648
3018
603
590
583
579
580
581
642
553
989
569
546
593
1233

